#1=α 2=αD 3=σ 4=f 5=dq 6=qh 7=dp 8=dph 9=pd 10=dpdh 11=m 12=mh 
0.3 0.01 sign -99.0 6.147701795052236e-5 76.94532713706897 6.143582962909822e-5 0.6366587892343712 100.98832509728238 41.16290094145189 0.9999297083731059 19.09857643352235
0.299 0.01 sign -99.0 6.299329011627399e-5 76.90735010149099 6.295250320912385e-5 0.6366597520491872 100.98803848227693 41.16284745567218 0.9999280203482258 19.03491163647446
0.298 0.01 sign -99.0 6.454910173310261e-5 76.86942811373923 6.450879367505923e-5 0.6366607399953843 100.98774442935797 41.16279259189665 0.9999262893711153 18.971246794495663
0.297 0.01 sign -99.0 6.614554390986201e-5 76.83156242950571 6.61057982822997e-5 0.6366617537697966 100.98744273406014 41.162736312295856 0.9999245142820039 18.907581907052176
0.296 0.01 sign -99.0 6.778373959522546e-5 76.79375433424957 6.774464572974647e-5 0.6366627940876853 100.98713318614458 41.162678578227 0.9999226938878958 18.84391697347545
0.295 0.01 sign -99.0 6.946484465880686e-5 76.75600514464715 6.942649797214332e-5 0.6366638616853401 100.98681556923424 41.162619349930395 0.9999208269614406 18.780251993087273
0.294 0.01 sign -99.0 7.119004891850372e-5 76.71831620940478 7.115255126918422e-5 0.6366649573207519 100.98648966062184 41.16255858649323 0.9999189122398745 18.716586965201465
0.293 0.01 sign -99.0 7.296057720217487e-5 76.6806889100973 7.292403726728772e-5 0.6366660817742942 100.98615523107262 41.16249624581394 0.9999169484239275 18.652921889123775
0.292 0.01 sign -99.0 7.477769044484368e-5 76.64312466203096 7.474222411802973e-5 0.6366672358494295 100.98581204461999 41.162432284565476 0.9999149341766912 18.58925676415189
0.291 0.01 sign -99.0 7.664268682268332e-5 76.60562491513048 7.660841763455164e-5 0.6366684203734384 100.98545985835491 41.16236665815717 0.9999128681224533 18.525591589575384
0.29 0.01 sign -99.0 7.855690292512129e-5 76.56819115485223 7.852396248735381e-5 0.6366696361981736 100.98509842220761 41.16229932069543 0.9999107488454879 18.461926364675744
0.289 0.01 sign -99.0 8.052171496644081e-5 76.5308249031234 8.049024344092188e-5 0.6366708842008394 100.98472747872219 41.16223022494313 0.9999085748888098 18.398261088726283
0.288 0.01 sign -99.0 8.25385400383037e-5 76.49352771930877 8.250868663269004e-5 0.6366721652847994 100.98434676282395 41.16215932227768 0.9999063447528844 18.33459576099221
0.287 0.01 sign -99.0 8.460883740469202e-5 76.45630120120522 8.45807608959152e-5 0.6366734803804092 100.98395600157815 41.162086562647474 0.9999040568942947 18.27093038073051
0.286 0.01 sign -99.0 8.673410984079863e-5 76.41914698606566 8.670797912808694e-5 0.6366748304458799 100.98355491394102 41.1620118945272 0.9999017097243622 18.207264947190055
0.285 0.01 sign -99.0 8.891590501749736e-5 76.3820667516525 8.889189970658354e-5 0.63667621646817 100.9831432105023 41.16193526487131 0.9998993016077237 18.143599459611494
0.284 0.01 sign -99.0 9.115581693303521e-5 76.34506221732272 9.113412795332449e-5 0.6366776394639077 100.98272059321887 41.161856619066256 0.9998968308608562 18.07993391722731
0.283 0.01 sign -99.0 9.345548739370887e-5 76.30813514514408 9.34363176502775e-5 0.6366791004803477 100.98228675513916 41.161775900880784 0.9998942957505554 18.01626831926179
0.282 0.01 sign -99.0 9.581660754530786e-5 76.27128734104521 9.580017260771259e-5 0.6366806005963572 100.98184138011824 41.16169305241469 0.9998916944923563 17.952602664931014
0.281 0.01 sign -99.0 9.824091945721918e-5 76.23452065599913 9.822744828721514e-5 0.6366821409234389 100.98138414252305 41.16160801404588 0.9998890252489067 17.888936953442908
0.28 0.01 sign -99.0 0.00010073021776113801 76.19783698724262 0.00010071995348152165 0.6366837226067902 100.98091470692765 41.16152072437551 0.9998862861282793 17.82527118399723
0.279 0.01 sign -99.0 0.00010328635134641965 76.16123827953177 0.00010327955205334406 0.6366853468263963 100.9804327277974 41.161431120171294 0.9998834751822283 17.76160535578555
0.278 0.01 sign -99.0 0.00010591122511417293 76.12472652643491 0.00010590816473542108 0.6366870147981648 100.97993784916285 41.16133913630886 0.9998805904043839 17.6979394679913
0.277 0.01 sign -99.0 0.00010860680179231395 76.08830377166517 0.00010860777099415921 0.6366887277750986 100.9794297042815 41.16124470571106 0.9998776297283851 17.6342735197898
0.276 0.01 sign -99.0 0.00011137510381384948 76.0519721104528 0.00011138041095928637 0.6366904870485098 100.97890791528872 41.16114775928525 0.9998745910259478 17.570607510348243
0.275 0.01 sign -99.0 0.00011421821526077546 76.0157336909592 0.00011422818742207178 0.6366922939492788 100.97837209283544 41.16104822585827 0.9998714721048636 17.506941438825756
0.274 0.01 sign -99.0 0.0001171382838760765 75.97959071573419 0.0001171532679047623 0.636694149849155 100.97782183571371 41.1609460321093 0.999868270706931 17.44327530437339
0.273 0.01 sign -99.0 0.00012013752314638397 75.94354544321762 0.00012015788680399059 0.6366960561621056 100.97725673046892 41.16084110250027 0.9998649845058108 17.37960910613421
0.272 0.01 sign -99.0 0.00012321821445800384 75.90760018928718 0.00012324434761104469 0.6366980143457122 100.97667635099855 41.16073335920384 0.9998616111048098 17.315942843243285
0.271 0.01 sign -99.0 0.0001263827093290926 75.87175732885407 0.00012641502521199973 0.6367000259026174 100.97608025813605 41.160622722029004 0.9998581480345807 17.25227651482773
0.27 0.01 sign -99.0 0.0001296334317208865 75.83601929750739 0.0001296723682708282 0.636702092382024 100.97546799922063 41.160509108343774 0.9998545927507452 17.188610120006786
0.269 0.01 sign -99.0 0.00013297288043104074 75.80038859321039 0.00013301890169878055 0.6367042153812451 100.97483910765145 41.160392432995465 0.9998509426314305 17.124943657891812
0.268 0.01 sign -99.0 0.00013640363157220843 75.76486777804904 0.00013645722921341616 0.6367063965473155 100.97419310242583 41.160272608227956 0.9998471949747174 17.061277127586393
0.267 0.01 sign -99.0 0.0001399394664352013 75.72949717579155 0.00014001834985252187 0.6367086643254651 100.97352338748189 41.16014705476821 0.999843333794695 16.997595274666747
0.266 0.01 sign -99.0 0.00014356125079166294 75.69420556657525 0.0001436495049309437 0.6367109682311739 100.97284141373243 41.160020524531504 0.9998393821815597 16.93392861489024
0.265 0.01 sign -99.0 0.0001472825068701948 75.65903159113105 0.0001473804867749047 0.6367133350798074 100.97214085416755 41.15989062561471 0.99983532447648 16.870261887319828
0.264 0.01 sign -99.0 0.00015110620587415407 75.62397845895218 0.00015121454337793465 0.6367157672339717 100.971421098158 41.15975719690839 0.999831157559796 16.80659508786393
0.263 0.01 sign -99.0 0.00015503535135155596 75.58904908240396 0.00015515471656991298 0.6367182666201553 100.97068158465613 41.15962013569184 0.9998268782872181 16.74292821593464
0.262 0.01 sign -99.0 0.00015907304092643797 75.55424644903562 0.0001592041429774209 0.6367208352217026 100.96992173539809 41.15947933660832 0.999822483417158 16.679261270601017
0.261 0.01 sign -99.0 0.00016322246958479252 75.51957362444388 0.00016336605880499147 0.6367234750847162 100.96914095397756 41.15933469102982 0.9998179696073262 16.615594250922275
0.26 0.01 sign -99.0 0.00016748693296535677 75.48503375450835 0.00016764380325599677 0.6367261883202199 100.96833862523133 41.15918608694485 0.9998133334113403 16.551927155950597
0.259 0.01 sign -99.0 0.0001718698307720886 75.45063006771116 0.0001720408220799087 0.6367289771063833 100.96751411460228 41.1590334088448 0.999808571275205 16.4882599847312
0.258 0.01 sign -99.0 0.00017637467031185762 75.41636587753115 0.0001765606712527485 0.6367318436908314 100.966666767479 41.15887653760582 0.9998036795336618 16.424592736302454
0.257 0.01 sign -99.0 0.0001810050701623638 75.38224458491732 0.0001812070207961849 0.6367347903930399 100.965795908511 41.15871535036676 0.9997986544064054 16.36092540969597
0.256 0.01 sign -99.0 0.00018576476397547071 75.34826968084246 0.00018598365874098824 0.6367378196068199 100.96490084089822 41.15854972040226 0.9997934919941553 16.297258003936648
0.255 0.01 sign -99.0 0.00019065760442141263 75.31444474894175 0.00019089449524084163 0.6367409338028972 100.9639808456543 41.15837951699138 0.9997881882745839 16.233590518042828
0.254 0.01 sign -99.0 0.00019568756727954877 75.28077346823834 0.0001959435668427705 0.6367441355315899 100.96303518084227 41.15820460528125 0.9997827390980902 16.169922951026344
0.253 0.01 sign -99.0 0.00020085875568158496 75.24725961595959 0.00020113504092072532 0.6367474274255851 100.96206308078145 41.15802484614572 0.9997771401834142 16.106255301892656
0.252 0.01 sign -99.0 0.00020617540451347714 75.21390707044758 0.0002064732202791895 0.6367508122028238 100.9610637552241 41.157840096038534 0.9997713871130861 16.042587569640904
0.251 0.01 sign -99.0 0.0002116418849824612 75.18071981416746 0.00021196254793396472 0.636754292669495 100.96003638850222 41.15765020684148 0.9997654753287021 15.97891975326404
0.25 0.01 sign -99.0 0.00021726270935597706 75.1477019368169 0.00021760761207764386 0.636757871723144 100.95898013864007 41.15745502570617 0.9997594001260205 15.915251851748884
0.249 0.01 sign -99.0 0.00022304253587953214 75.1148576385414 0.00022341315123760772 0.6367615523559029 100.95789413643432 41.15725439489028 0.9997531566498686 15.851583864076243
0.248 0.01 sign -99.0 0.00022898617388089214 75.08219123325914 0.00022938405963478895 0.6367653376578425 100.95677748449911 41.15704815158771 0.999746739888859 15.787915789220989
0.247 0.01 sign -99.0 0.00023509858906829462 75.04970715209942 0.00023552539275179207 0.6367692308204584 100.95562925627313 41.15683612775177 0.9997401446698939 15.724247626152145
0.246 0.01 sign -99.0 0.0002413849090307323 75.01740994695959 0.0002418423731193758 0.6367732351402874 100.95444849498992 41.15661814991205 0.9997333656524656 15.660579373832963
0.245 0.01 sign -99.0 0.00024785042894875437 74.98530429418524 0.00024834039633077874 0.6367773540226712 100.95323421260774 41.156394038984274 0.9997263973227278 15.596911031220989
0.244 0.01 sign -99.0 0.0002545006175245512 74.95339499837783 0.00025502503729373476 0.6367815909856632 100.9519853886979 41.15616361007248 0.9997192339873413 15.533242597268144
0.243 0.01 sign -99.0 0.00026134112314056654 74.92168699633586 0.0002619020567305829 0.6367859496640912 100.95070096929007 41.155926672264 0.9997118697670747 15.469574070920764
0.242 0.01 sign -99.0 0.0002683989505200799 74.89025603767021 0.0002690310361842073 0.6367904846955867 100.94936834372649 41.155678293805465 0.9997042737023225 15.405892154995334
0.241 0.01 sign -99.0 0.0002756385441930815 74.85896851075618 0.0002763130203742751 0.6367951006136257 100.94800896772318 41.15542748884943 0.9996964884148072 15.342223487338599
0.24 0.01 sign -99.0 0.00028308645994733455 74.82789739746934 0.0002838053579740047 0.6367998490434039 100.94661073034507 41.15516967124017 0.9996884835196603 15.27855470082406
0.239 0.01 sign -99.0 0.00029077059819394835 74.79712063158486 0.0002915699595849147 0.6368047875912946 100.94516053066351 41.15489958108988 0.9996802271078099 15.214873995588496
0.238 0.01 sign -99.0 0.00029865564845489237 74.76650267399437 0.00029950619664584935 0.63680981784061 100.94368022149717 41.15462660518139 0.9996717615619864 15.151205065720676
0.237 0.01 sign -99.0 0.0003067899288643521 74.73618924953634 0.0003077276617155107 0.636815046329089 100.94214560677116 41.15434094047209 0.9996630310513882 15.08752549958095
0.236 0.01 sign -99.0 0.00031513953632464114 74.70604724069221 0.0003161354786794934 0.6368203753268393 100.94057819384156 41.1540519807801 0.9996540763473482 15.023856398186364
0.235 0.01 sign -99.0 0.00032375243096896924 74.67622113395247 0.00032484300735668406 0.6368259121941008 100.93895383584224 41.15374977349232 0.9996448421243206 14.960177839225308
0.234 0.01 sign -99.0 0.0003325960064051083 74.64657979996424 0.00033375260549290753 0.6368315590303689 100.93729381019678 41.153443825905384 0.9996353676785773 14.896508563577928
0.233 0.01 sign -99.0 0.0003416978345216469 74.61719721947378 0.0003429238788339063 0.636837370898738 100.93558555383213 41.15312914525258 0.9996256216938653 14.832839160765442
0.232 0.01 sign -99.0 0.0003510868427305264 74.58815153122035 0.0003524207516265376 0.6368434084356871 100.93381557121957 41.152800116119984 0.9996155713206196 14.769161413578898
0.231 0.01 sign -99.0 0.00036073066485072924 74.5593098289998 0.0003621435294399551 0.6368495700061306 100.93200562713332 41.15246672294148 0.9996052556522053 14.705491860254881
0.23 0.01 sign -99.0 0.0003706782974469397 74.53081770407998 0.00037220872146848203 0.6368559678690511 100.93013091723718 41.15211842618892 0.9995946183737525 14.64181489491352
0.229 0.01 sign -99.0 0.0003808987838722767 74.50254495389136 0.00038251837160488595 0.6368625010212536 100.92821286725926 41.151765226262135 0.9995836969884496 14.578145161063091
0.228 0.01 sign -99.0 0.0003914210057706872 74.47456666301892 0.00039313450794881225 0.6368692275341119 100.92623843233707 41.15140180502911 0.999572458858172 14.514475296649385
0.227 0.01 sign -99.0 0.0004022752599128128 74.44696174484135 0.0004041234626007756 0.6368762109508942 100.9241936418148 41.15102223764085 0.9995608697445469 14.450798938274367
0.226 0.01 sign -99.0 0.00041343092144256006 74.41959861027667 0.00041538532319197784 0.6368833465832419 100.92210039366715 41.150637000829846 0.9995489668659665 14.387128917076115
0.225 0.01 sign -99.0 0.00042493843666807933 74.39262370871664 0.000427040212257976 0.6368907519222677 100.91993313992901 41.15023494523038 0.9995366924542619 14.323453157029453
0.224 0.01 sign -99.0 0.0004367686282818233 74.36590830424964 0.00043898997389647993 0.6368983228898044 100.91771343969292 41.149826569142824 0.9995240821124028 14.259782949933555
0.223 0.01 sign -99.0 0.0004489520466804925 74.33952855850538 0.00045129945024711786 0.6369061208223185 100.91542769560837 41.14940621419588 0.999511101487979 14.196112610181007
0.222 0.01 sign -99.0 0.00046152074640319304 74.3135642403964 0.00046403784681595453 0.6369142125057875 100.91306137555952 41.14896762310658 0.9994977145269445 14.132437290678022
0.221 0.01 sign -99.0 0.0004744459949609468 74.28788553379145 0.0004771051367198737 0.6369224901985417 100.91063650013544 41.14852177387832 0.999483956444614 14.068766787668688
0.22 0.01 sign -99.0 0.00048778017709674455 74.26263969815372 0.0004906256499184806 0.6369310770550729 100.90812666600479 41.14805687704242 0.9994697674708448 14.005091917383206
0.219 0.01 sign -99.0 0.0005014960709308081 74.23769988210054 0.0005045011498783621 0.6369398659307126 100.90555355318489 41.14758393765328 0.999455181153499 13.941421223909913
0.218 0.01 sign -99.0 0.000515626328002103 74.21314341685694 0.0005187997919637326 0.6369489217621171 100.9029029209751 41.147096936740255 0.9994401609520001 13.877750396456909
0.217 0.01 sign -99.0 0.0005302052251072124 74.18905111536967 0.0005335942303567957 0.6369583149931056 100.90015956899751 41.14658925608974 0.9994246684850255 13.81407583160688
0.216 0.01 sign -99.0 0.0005452061275103085 74.16529528507513 0.0005487844391848135 0.6369679348109079 100.89734563140999 41.146072388308255 0.9994087367803446 13.750404834657514
0.215 0.01 sign -99.0 0.0005606839396051927 74.1420241356272 0.0005644997072166165 0.6369779105890986 100.89443370713413 41.145533863680654 0.9993923034122428 13.68673059790964
0.214 0.01 sign -99.0 0.0005766136308513093 74.11911302257509 0.0005806418522952006 0.636988132106241 100.89144558583612 41.14498520770264 0.9993753996561782 13.623059406618289
0.213 0.01 sign -99.0 0.0005930304772760157 74.09664065872721 0.0005972829730791555 0.6369986683297235 100.88836626834352 41.14442001375168 0.9993579862075406 13.559388080426379
0.212 0.01 sign -99.0 0.0006099715376434251 74.07468920124104 0.0006144998839997738 0.6370095938753484 100.8851797540116 41.14383126725715 0.9993400217388692 13.495714039517003
0.211 0.01 sign -99.0 0.0006274125498928976 74.05313335130506 0.0006321926999450288 0.6370207948243845 100.88190828160846 41.14323099398849 0.9993215368327095 13.432042537989481
0.21 0.01 sign -99.0 0.0006453909890931725 74.0320537755327 0.0006504370426618021 0.6370323435224073 100.87853616114955 41.14261247617969 0.999302489814818 13.368370900333005
0.209 0.01 sign -99.0 0.0006639462495078855 74.01153466240744 0.0006693134945232596 0.6370443181811514 100.8750466517482 41.14196836872837 0.9992828368292453 13.304697008474179
0.208 0.01 sign -99.0 0.00068305497694804 73.99145023422186 0.0006887206612733761 0.6370566014612657 100.87146240819901 41.14131116676718 0.999262607629248 13.241025192497721
0.207 0.01 sign -99.0 0.0007027782929838074 73.97195298315987 0.0007087994914363445 0.6370693357656301 100.8677536851896 41.14062705940926 0.9992417330439715 13.177351488212842
0.206 0.01 sign -99.0 0.0007230946871098225 73.95292030181686 0.0007294505801481466 0.6370824043452664 100.86394277955937 41.139928587543885 0.9992202408405377 13.113679472351118
0.205 0.01 sign -99.0 0.0007440453491790802 73.93443485098699 0.0007507548807760047 0.6370958845643676 100.86001298809472 41.139208579440826 0.9991980853711276 13.050007319465896
0.204 0.01 sign -99.0 0.000765673618877223 73.91658290874467 0.0007727986767741948 0.6371098599431038 100.85594648377914 41.13845921292226 0.9991752185364129 12.986333683862895
0.203 0.01 sign -99.0 0.0007879591383272862 73.89924139735382 0.000795480971776767 0.6371242098627963 100.85176601988977 41.13769356975615 0.999151667036503 12.922661347057932
0.202 0.01 sign -99.0 0.0008109676861358502 73.88256502865164 0.0008189506952479446 0.637139085280338 100.8474402768181 41.13689697998983 0.9991273566209818 12.858987826548766
0.201 0.01 sign -99.0 0.0008346809585591883 73.86643394814818 0.0008431089735504018 0.6371543661802802 100.84299163702362 41.13608258047779 0.9991023117909236 12.795315286336287
0.2 0.01 sign -99.0 0.0008591447468657666 73.8509333766096 0.00086804323567286 0.637170135747226 100.8384021756176 41.135242692788474 0.999076481931433 12.731642607707364
0.199 0.01 sign -99.0 0.0008844072806935213 73.83615233475476 0.0008938467268270249 0.6371864837229061 100.83365274751863 41.13436895427931 0.9990498136358897 12.667969089709715
0.198 0.01 sign -99.0 0.0009104517553107891 73.82197061264306 0.0009204191322830678 0.6372032861356782 100.8287661869945 41.13347507122556 0.9990223299878253 12.60429622096064
0.197 0.01 sign -99.0 0.0009373497659234269 73.8085460053538 0.0009479190525419163 0.6372207037959726 100.82370927947859 41.132545415290274 0.9989939503263443 12.540622757997374
0.196 0.01 sign -99.0 0.0009650868406769061 73.79576158503525 0.0009762484809713322 0.6372386133599742 100.81850446950865 41.13159375942569 0.9989646952460951 12.47694968112775
0.195 0.01 sign -99.0 0.000993736567295218 73.78377462687523 0.0010055686216718436 0.6372571782574863 100.81311806966251 41.13060422304216 0.9989344819207269 12.413276246975583
0.194 0.01 sign -99.0 0.0010232869381895664 73.77247146692784 0.0010357837708977495 0.6372762755664051 100.80757214707452 41.12959068074196 0.9989033283165863 12.349602959674918
0.193 0.01 sign -99.0 0.0010537917393067585 73.76194119505308 0.0010669920329353555 0.6372959975217056 100.80184680445034 41.12854470854517 0.9988711751182827 12.285929530619066
0.192 0.01 sign -99.0 0.0010853076967504316 73.75227706320895 0.0010992981731953518 0.6373164436077354 100.79592075801341 41.12745714009359 0.9988379596204013 12.222256017433484
0.191 0.01 sign -99.0 0.0011178249910048623 73.7433652567172 0.0011326054396957883 0.6373374868936902 100.78981649657769 41.126342462544244 0.9988036976489486 12.158582385870881
0.19 0.01 sign -99.0 0.0011514250978657495 73.73536776849787 0.0011670877441343664 0.6373593029603203 100.78349786703235 41.1251836643662 0.9987682975616563 12.09490885326642
0.189 0.01 sign -99.0 0.0011861010725192466 73.72817416350787 0.0012026510336785136 0.6373817655874144 100.77698692562544 41.123995318032016 0.9987317721140673 12.031235002052243
0.188 0.01 sign -99.0 0.0012219373227110263 73.72194668064742 0.0012394731572376372 0.637405053922971 100.77024679972473 41.12276009410913 0.9986940264013876 11.967561428111546
0.187 0.01 sign -99.0 0.0012589299850225134 73.71657830191245 0.0012774628535845629 0.6374290423293367 100.76329910926614 41.1214926797026 0.9986550698804278 11.903887352150653
0.186 0.01 sign -99.0 0.0012971437654927867 73.71216403439149 0.0013167327644650888 0.6374538347398759 100.75612129434819 41.12018373667656 0.9986148311665208 11.84021312589536
0.185 0.01 sign -99.0 0.0013366470031217254 73.70880363327123 0.001357403401847853 0.6374795433544216 100.74868917101824 41.11882309672363 0.9985732346455737 11.776539398781503
0.184 0.01 sign -99.0 0.001377439016522935 73.70639019155564 0.001399383074915159 0.6375060384865024 100.74102472914153 41.11742611934463 0.9985302865547985 11.712864947483261
0.183 0.01 sign -99.0 0.0014196149235144347 73.70509296040508 0.0014428665669043359 0.6375335146423197 100.733087842584 41.11597410204776 0.9984858798362733 11.649191133134883
0.182 0.01 sign -99.0 0.0014631777138990974 73.70480859946885 0.0014877655084366151 0.6375618429984098 100.72489999706242 41.11448251495078 0.9984400167711575 11.585516437180004
0.181 0.01 sign -99.0 0.0015082267261000955 73.70570766674095 0.0015342805029646294 0.6375912229898455 100.71642000159116 41.112932241022946 0.9983925855024847 11.52184251325027
0.18 0.01 sign -99.0 0.0015547689314293555 73.70769049317694 0.001582326720082586 0.6376215266087801 100.70766881493184 41.11133888638186 0.9983435840005972 11.458167561370246
0.179 0.01 sign -99.0 0.0016029083396608883 73.71092932456084 0.0016321112422461742 0.6376529586848594 100.69860406183565 41.109682887471365 0.9982928950648224 11.394493504431637
0.178 0.01 sign -99.0 0.001652656234008169 73.71532825888038 0.0016835530754148189 0.6376853921387708 100.68924613620602 41.107979991153506 0.9982405119735 11.330818282606444
0.177 0.01 sign -99.0 0.0017040972667283821 73.72099359507669 0.001736791200267994 0.6377189509608138 100.6795677321711 41.10621938802754 0.9981863408509777 11.267142882850468
0.176 0.01 sign -99.0 0.0017573210065182745 73.72803752919506 0.0017919747360999772 0.6377537693086468 100.6695394786553 41.104389274519015 0.998130281999181 11.203468551153525
0.175 0.01 sign -99.0 0.0018123439159471108 73.7363648713096 0.0018490237192397836 0.6377897161879031 100.6591819951858 41.10250616910429 0.9980723232074602 11.139792860893602
0.174 0.01 sign -99.0 0.0018692859997693695 73.74615921172926 0.0019081702106606671 0.6378270178251201 100.64844817540984 41.10054868455794 0.9980123286994922 11.07611833280963
0.173 0.01 sign -99.0 0.0019281689916822269 73.75732941313028 0.0019693389485989244 0.6378655444944076 100.6373579690431 41.09853349290937 0.9979502804493228 11.012442320339215
0.172 0.01 sign -99.0 0.0019891195673868217 73.77006239525032 0.002032771487861107 0.6379055300097012 100.62586254067982 41.096438603388485 0.9978860348683157 10.94876756222664
0.171 0.01 sign -99.0 0.002052165245539766 73.78427130408771 0.0020983977292576158 0.6379468459984293 100.61398111277674 41.09428086347357 0.997819567499017 10.885091198208748
0.17 0.01 sign -99.0 0.002117440083260684 73.80014697962191 0.0021664697958090283 0.6379897346278843 100.60166292931069 41.09203762555251 0.9977507260470067 10.821416171439497
0.169 0.01 sign -99.0 0.002184977930617176 73.81760705923044 0.002236923282538174 0.6380340690791612 100.58892641768301 41.0897259208471 0.9976794789593173 10.757739419925265
0.168 0.01 sign -99.0 0.002254921016085672 73.8368469585235 0.002310022083751552 0.6380801007300214 100.57571868770012 41.08732238531806 0.9976056642321008 10.694064079571625
0.167 0.01 sign -99.0 0.002327310134572491 73.85778905294879 0.0023857080978663585 0.6381277045468423 100.56205729393125 41.08484424296956 0.9975292424616974 10.63038689662503
0.166 0.01 sign -99.0 0.002402296566512926 73.88063406399242 0.002464258341774122 0.6381771420795049 100.54788697322815 41.08226734657774 0.997450040803818 10.566711189897623
0.165 0.01 sign -99.0 0.002479928740947523 73.90530939683016 0.0025456217161047667 0.638228290347957 100.53322431807557 41.07960912273523 0.9973680111439186 10.503033521943692
0.164 0.01 sign -99.0 0.0025603679744561824 73.93202189582396 0.0026300898825052568 0.6382814221556736 100.51801142463088 41.076844566119895 0.9972829685186952 10.439357386335848
0.163 0.01 sign -99.0 0.0026436711056617764 73.9607043399896 0.0027176195465088157 0.6383364168875028 100.50226382082201 41.07399131651138 0.9971948551211707 10.375679168174631
0.162 0.01 sign -99.0 0.002730010590162598 73.99157061455838 0.0028085187343646558 0.6383935598198597 100.4859206610254 41.07102342626158 0.9971034724189158 10.31200252924868
0.161 0.01 sign -99.0 0.00281948051306859 74.02462805847804 0.0029028408618194295 0.6384528359893147 100.46897705486478 41.06794759917725 0.9970087175037733 10.2483256130435
0.16 0.01 sign -99.0 0.002912181766591925 74.05989218783694 0.003000648248019105 0.638514235729236 100.45142659884363 41.06477033048046 0.9969104795458268 10.184646453774342
0.159 0.01 sign -99.0 0.0030083034931795796 74.09758395467644 0.0031022708236587825 0.6385780590773693 100.43320475865592 41.06146473588594 0.9968085394120592 10.120968888705073
0.158 0.01 sign -99.0 0.0031079300066305686 74.13765692235773 0.003207695568497381 0.6386441997302751 100.41432246470244 41.058048367510665 0.9967028068790598 10.057288949907566
0.157 0.01 sign -99.0 0.003211264968822616 74.18034197429688 0.003317274047997328 0.63871297381063 100.39471133246137 41.05449316208446 0.9965930447048562 9.993610622934819
0.156 0.01 sign -99.0 0.003318404759721766 74.22559988363834 0.0034310051429026875 0.6387842791391122 100.37438068950634 41.050816906428324 0.996479148165022 9.929929776492447
0.155 0.01 sign -99.0 0.0034295691843956007 74.27367278471952 0.0035492646739592897 0.6388584497966071 100.35325785316802 41.046990227675415 0.996360859662608 9.866250546988677
0.154 0.01 sign -99.0 0.0035448977978964954 74.32459871132399 0.0036721598751558848 0.6389354997365095 100.33132953758933 41.043018985397296 0.9962380209695036 9.802570804171836
0.153 0.01 sign -99.0 0.0036645391143722093 74.37842460548895 0.0037998090980178837 0.6390154489863462 100.30858069583905 41.038908878938244 0.9961104630370181 9.738888338122166
0.152 0.01 sign -99.0 0.0037887382086431985 74.4354070143013 0.003932623542695992 0.6390986554930693 100.28493268166156 41.034629019664784 0.9959778958327283 9.675207422536346
0.151 0.01 sign -99.0 0.003917630531987881 74.4955337829912 0.0040706461609165846 0.6391850377330424 100.26038837644607 41.03019709820415 0.9958401664661809 9.611523599532916
0.15 0.01 sign -99.0 0.00405208822514309 74.55994791957359 0.004214511888717615 0.6392740073562362 100.23484662181167 41.02575476944612 0.9956962276213911 9.547765142105101
0.149 0.01 sign -99.0 0.004190479897336836 74.6261088141545 0.004363814695461226 0.639368524063306 100.20833498156445 41.020783624095415 0.9955480512851795 9.48415829641753
0.148 0.01 sign -99.0 0.004334815480824054 74.69669976604473 0.0045192925763253775 0.6394657142323098 100.18078181167245 41.01581288594011 0.9953932234390224 9.42047188137889
0.147 0.01 sign -99.0 0.0044847930764264 74.77115226531205 0.004681260234786318 0.6395669783069684 100.15210847912336 41.01063184852202 0.99523210641768 9.35678694491656
0.146 0.01 sign -99.0 0.004640630783914393 74.84955715372587 0.0048499213769832026 0.63967238097254 100.12228709405413 41.00524505440244 0.9950644413645775 9.293100960300933
0.145 0.01 sign -99.0 0.0048025925857894565 74.93208793752625 0.005025603459547088 0.6397821220169171 100.09126365818616 40.999642850349865 0.9948899103093588 9.2294138267466
0.144 0.01 sign -99.0 0.004970925077891751 75.01886014482558 0.005208550028653439 0.6398962912879884 100.05900391018491 40.99382851808809 0.9947082171138062 9.165723061598799
0.143 0.01 sign -99.0 0.005145984167922593 75.11020485110471 0.005399335500055715 0.6400153562606876 100.0254019021431 40.9877642829278 0.9945189232595031 9.10203330085836
0.142 0.01 sign -99.0 0.005328046504943311 75.20625800786166 0.005598245094872667 0.6401394314801525 99.99041688568806 40.98145229581497 0.9943216913828535 9.038342028055697
0.141 0.01 sign -99.0 0.005517404900006049 75.30716831228786 0.005805583793727609 0.6402686408553356 99.95400536212519 40.97489467719658 0.9941161625059588 8.974646640274456
0.14 0.01 sign -99.0 0.0057144687892621135 75.41330692508404 0.006022008365068323 0.6404035068230632 99.91604775293945 40.968050232213095 0.9939018231748895 8.910951896653652
0.139 0.01 sign -99.0 0.005919567546910394 75.52484864415128 0.006247875990927083 0.6405441843294001 99.87649248632877 40.96091964624941 0.9936782628383176 8.847255152606909
0.138 0.01 sign -99.0 0.0061330844948727856 75.64205489528558 0.006483683297325229 0.6406909746448018 99.83525916619004 40.95348852412815 0.9934449980476753 8.783556210702214
0.137 0.01 sign -99.0 0.006355424836586543 75.76520386647479 0.006729958886729878 0.6408441981227252 99.79226247558059 40.945741590400075 0.9932015138697519 8.719854852487146
0.136 0.01 sign -99.0 0.006587017300302162 75.89459210024432 0.0069872661115332095 0.641004195876167 99.74741175676179 40.937662607683215 0.9929472611745482 8.656150836175879
0.135 0.01 sign -99.0 0.006828281528595646 76.03046636948062 0.0072560895998895975 0.6411711951178505 99.70063643577627 40.92924960489659 0.9926817003795235 8.592441355627157
0.134 0.01 sign -99.0 0.007079767272530618 76.17330492062129 0.007537303341688493 0.6413458558817939 99.65178229996414 40.920453667804125 0.9924041119711932 8.528731192665006
0.133 0.01 sign -99.0 0.007341950077508409 76.32339905744298 0.007831476972521526 0.6415284562056834 99.60076579305671 40.91127043301797 0.992113872430583 8.465017474102982
0.132 0.01 sign -99.0 0.007615371493831956 76.48113676146693 0.008139344798619453 0.6417194391550872 99.54747020346169 40.90167895245877 0.9918102637548264 8.40129983443327
0.131 0.01 sign -99.0 0.00790060674823271 76.64693422387913 0.008461693337035465 0.6419192787978828 99.49177094514019 40.89165686193664 0.9914925160359438 8.33757786588083
0.13 0.01 sign -99.0 0.008198267531576821 76.82123877632023 0.008799366304611776 0.6421284831996291 99.43353482190018 40.881180237855844 0.9911598024743622 8.273851114258907
0.129 0.01 sign -99.0 0.008509004971555878 77.00453200513248 0.00915326995468608 0.6423475975644602 99.37261925783591 40.87022345596291 0.990811233937459 8.21011907303227
0.128 0.01 sign -99.0 0.008833512924530247 77.19733326587254 0.009524379050572247 0.6425772077486286 99.30887143851633 40.85875903350593 0.9904458528508215 8.146381176498249
0.127 0.01 sign -99.0 0.00917256855584239 77.40027501114301 0.009913872732491277 0.6428180940667446 99.24209846668893 40.84674044518398 0.9900625731434506 8.082639385811618
0.126 0.01 sign -99.0 0.009526889531786431 77.61382297285796 0.01032262844659333 0.6430706393354375 99.1721811241467 40.834169594706374 0.9896603835595721 8.018887822384983
0.125 0.01 sign -99.0 0.00989735796559484 77.83870671097297 0.010751997146414411 0.6433357245940534 99.0989012643182 40.82099554884183 0.989238024202036 7.955128272558781
0.124 0.01 sign -99.0 0.010284879603667247 78.07564219315186 0.011203303675036105 0.6436141429186985 99.02205426576646 40.807181399132155 0.9887941853627218 7.891359840483109
0.123 0.01 sign -99.0 0.010690464450942634 78.32548189152635 0.011678120922699289 0.6439069100261304 98.94138856174281 40.792669398912864 0.988327386663164 7.827584092724544
0.122 0.01 sign -99.0 0.011115081692962325 78.58893584985412 0.012177744191304525 0.6442146516560345 98.85672457766765 40.777451337258526 0.9878361897090613 7.763794780004352
0.121 0.01 sign -99.0 0.011559892214220699 78.86700757669675 0.012704005757535825 0.6445385349342954 98.76777323174035 40.76146289622136 0.9873188483383643 7.699993163184731
0.12 0.01 sign -99.0 0.012026148869604217 79.16079696370858 0.013258906644524551 0.644879831123983 98.67421988977406 40.74463419583951 0.9867734493734273 7.636180358145355
0.119 0.01 sign -99.0 0.012515122379701947 79.47135890373318 0.01384433910965934 0.6452395906319293 98.57578828748207 40.726927657260205 0.9861980217568959 7.572352113248536
0.118 0.01 sign -99.0 0.01302819358909952 79.79986982415156 0.01446239360914851 0.645618982157318 98.47217364729563 40.708300342782834 0.985590392125193 7.508504110519796
0.117 0.01 sign -99.0 0.013566983775032012 80.14785930499384 0.015115809929763717 0.6460197886481145 98.36294337601993 40.688648134954896 0.9849479700418762 7.444639161472319
0.116 0.01 sign -99.0 0.014133132242843384 80.51679381543661 0.015807156092120245 0.6464434586436281 98.2477242991419 40.66791557753125 0.9842680863870965 7.380752292258416
0.115 0.01 sign -99.0 0.01472847371774903 80.90839474424037 0.01653943616463794 0.6468917755309572 98.12606921843218 40.64602083542952 0.9835477049261815 7.316840669624815
0.114 0.01 sign -99.0 0.015355019024150396 81.32459376598945 0.017315990477330186 0.6473667201747721 97.99748308953764 40.62287317735663 0.9827834376016714 7.252901010927133
0.113 0.01 sign -99.0 0.016015024570590237 81.7676467661928 0.018140703649773434 0.6478706714975536 97.86138095335043 40.5983523061884 0.9819714134464896 7.18893179074764
0.112 0.01 sign -99.0 0.01671084928018671 82.23987199274384 0.019017458911112402 0.6484057735851545 97.71721575533597 40.57238304747925 0.9811074960151227 7.124923962276382
0.111 0.01 sign -99.0 0.017445296052350515 82.74424162100723 0.01995128658389378 0.6489751550737036 97.56422780365111 40.544799733117536 0.9801866911368501 7.060876794933041
0.11 0.01 sign -99.0 0.018221351798569457 83.28391335078184 0.020947391254145874 0.6495818135373926 97.4016710689394 40.51547708371577 0.9792035481709245 6.996781842035082
0.109 0.01 sign -99.0 0.019042468173934006 83.86270758029792 0.022012050590393312 0.6502295282608295 97.22862287240065 40.484231659082596 0.9781516470363449 6.932633763818416
0.108 0.01 sign -99.0 0.01991245046044124 84.48490545631655 0.02315214753234041 0.65092228291585 97.0441013798384 40.450893230215726 0.9770237375323862 6.8684216322964895
0.107 0.01 sign -99.0 0.020835690073187318 85.15563553999716 0.02437585003479811 0.6516648923185837 96.84693141393578 40.41524212417346 0.9758112732355831 6.804134871969565
0.106 0.01 sign -99.0 0.02181728988119357 85.88107139170286 0.025692877851508082 0.6524631456516343 96.6357084144236 40.37700420204812 0.9745041006037468 6.739762178801697
0.105 0.01 sign -99.0 0.022863133297508546 86.66854149330027 0.027114555996806077 0.6533236984475468 96.40881624314234 40.335876713163685 0.9730902207459953 6.675287229866583
0.104 0.01 sign -99.0 0.0239801019778679 87.52689590335575 0.028654316559899824 0.6542543824661342 96.16435573443295 40.29151179291073 0.9715552455891111 6.610688375495687
0.103 0.01 sign -99.0 0.025176596675039055 88.46736118184072 0.030329015522811736 0.6552652091248092 95.8999149014552 40.24343417334209 0.9698812283878746 6.54594263329648
0.102 0.01 sign -99.0 0.02646267806575478 89.50381494052951 0.032159022360536985 0.6563680666327989 95.61262608558403 40.19110920474287 0.9680460845601597 6.481015346293876
0.101 0.01 sign -99.0 0.02785100734856908 90.65436693918362 0.03417051706195069 0.6575783487000508 95.29878815065959 40.13382309343574 0.9660213771616376 6.415863560759033
0.1 0.01 sign -99.0 0.029357801053361596 91.9430373949653 0.03639756863831472 0.6589160446908903 94.95359984249956 40.07065033712455 0.963769781194539 6.350428057875915
0.099 0.01 sign -99.0 0.031004572505125654 93.40282741445196 0.038886085130622486 0.6604080486947784 94.5706068193777 40.000344509928865 0.9612405709226837 6.284624939591837
0.098 0.01 sign -99.0 0.03282120595716314 95.08119775205775 0.04170080456959023 0.6620922483157221 94.14072101945492 39.921143611362254 0.9583616081944294 6.218330498129069
0.097 0.01 sign -99.0 0.03485201557049376 97.05093733703913 0.044939086741933185 0.6640256227015962 93.65027242106981 39.83037749341613 0.955023541394936 6.151351536148049
0.096 0.01 sign -99.0 0.037168861281675986 99.4339821322565 0.04876077902943947 0.6663016629120004 93.07681058453899 39.72363730999293 0.9510452991816108 6.083357035432867
0.095 0.01 sign -99.0 0.03990558372439334 102.46469435575383 0.05346682998564052 0.669096180438901 92.37805608772949 39.5925891772585 0.9460828612436468 6.01369462478221
0.094 0.01 sign -99.0 0.043386812918987175 106.72868391873479 0.05979376027006399 0.6728391326246188 91.45036823587567 39.41669382425839 0.9392868121371103 5.940697368744692
0.093 0.01 sign -99.0 0.049498426926977396 115.74054582264763 0.07205393135331477 0.6800451717705613 89.68531930291005 39.07468372633593 0.9256310476637706 5.854082371812007
0.092 0.01 sign -99.0 0.09328848822577207 795.1264230063776 0.38131038640812537 0.8800979120650588 68.39552524087097 38.640983850479174 7.762937996550103e-6 7.182557114774116e-5
0.091 0.01 sign -99.0 0.09403024161088952 791.2405453694237 0.383295523275137 0.8819670664942508 68.3535760912892 38.69916818427276 3.928019730671148e-8 3.60400932549368e-7
0.09 0.01 sign -99.0 0.0947852380170981 787.3218989085017 0.3852980223833816 0.8838650347924432 68.30748006832577 38.75713191267124 1.4028365502696855e-10 1.2762639520255313e-9
0.089 0.01 sign -99.0 0.09555319949752056 783.42138651484 0.3873352663768457 0.8858031518178368 68.262966865649 38.817024534672086 4.85787790332277e-13 4.3819715291937324e-12
0.088 0.01 sign -99.0 0.09633470208011939 779.5201527771161 0.3894015657890913 0.8877787398139068 68.21785387812693 38.87810551449167 1.651490811371708e-15 1.4712192246123038e-14
0.087 0.01 sign -99.0 0.09712982978398355 775.6385322357928 0.3915042648261098 0.8897972671649632 68.17440643837877 38.94129387828549 4.440892098500632e-16 3.4377944340259226e-15
0.086 0.01 sign -99.0 0.09793944550943603 771.7392088671029 0.39363141983220734 0.8918521098483915 68.12831824144108 39.00503936155429 2.220446049250316e-16 1.7030633782845684e-15
0.085 0.01 sign -99.0 0.09876375417073005 767.8398257660115 0.39578987170610186 0.8939482159572449 68.0816034655391 39.07011372804057 2.220446049250316e-16 1.687216153733183e-15
0.084 0.01 sign -99.0 0.09960317540163194 763.9405245006359 0.39798041270907925 0.8960869380036622 68.0342448304252 39.13656106800347 2.220446049250316e-16 1.6713553207450608e-15
0.083 0.01 sign -99.0 0.10045858913062738 760.0178449335053 0.4001965183876449 0.8982644230423752 67.98362690140867 39.203325436673666 2.220446049250316e-16 1.65547725293316e-15
0.082 0.01 sign -99.0 0.10132971723177715 756.1153254413973 0.40245304215020783 0.9004917475855917 67.93458463923685 39.272431950414 2.220446049250316e-16 1.6395874999193484e-15
0.081 0.01 sign -99.0 0.10221698934655583 752.2341620259601 0.4047512693392516 0.9027708668836572 67.88722299642814 39.34400409105574 2.220446049250316e-16 1.6236861007781798e-15
0.08 0.01 sign -99.0 0.10312143542003463 748.3358700171834 0.4070784638528356 0.9050946274667575 67.83700853004318 39.41637317519902 2.220446049250316e-16 1.6077682801098812e-15
0.079 0.01 sign -99.0 0.10404341578575649 744.438327163057 0.40944249886306605 0.9074687197884188 67.7860926983125 39.49033240014201 2.220446049250316e-16 1.5918353298516382e-15
0.078 0.01 sign -99.0 0.10498394590847498 740.5176633687965 0.41183656646562256 0.9098892040171935 67.73175652418836 39.56477776238224 2.220446049250316e-16 1.5758834090143539e-15
0.077 0.01 sign -99.0 0.10594270322011333 736.6179932689673 0.41427577877649063 0.9123682989745489 67.67887146907367 39.64188396263186 2.220446049250316e-16 1.5599188060501493e-15
0.076 0.01 sign -99.0 0.10692014991713152 732.7434405151823 0.4167624790862323 0.914909102311474 67.62784962701548 39.72193584136737 2.220446049250316e-16 1.5439420071392843e-15
0.075 0.01 sign -99.0 0.10791807049333337 728.830196368635 0.4192757225434127 0.9174980357384133 67.57129033332622 39.801926299070715 2.220446049250316e-16 1.5279437098611753e-15
0.074 0.01 sign -99.0 0.10893625872359734 724.9347086514628 0.4218374452320219 0.9201510052515259 67.51585902298893 39.88453095529121 2.220446049250316e-16 1.5119305583042413e-15
0.073 0.01 sign -99.0 0.10997550027459335 721.0408802969267 0.42444190609438087 0.9228662520023975 67.45943845039133 39.96911650325538 2.220446049250316e-16 1.495900805424409e-15
0.072 0.01 sign -99.0 0.11103585301780758 717.1765629456353 0.42709948570697026 0.925653261374518 67.40511324980339 40.057162259003015 2.220446049250316e-16 1.479858552522065e-15
0.071 0.01 sign -99.0 0.11211981643391122 713.2675439431267 0.42978733845815487 0.9284954048649919 67.34451243286367 40.144923444189125 2.220446049250316e-16 1.46379116091145e-15
0.07 0.01 sign -99.0 0.11322607845409442 709.4043736053643 0.43253693229611007 0.9314187266260738 67.28782961304299 40.23709018859516 2.220446049250316e-16 1.4477127761675992e-15
0.069 0.01 sign -99.0 0.11435715360682533 705.504486894288 0.4353203142467219 0.9344041643074557 67.2253746815604 40.32956971522931 2.220446049250316e-16 1.431610532840529e-15
0.068 0.01 sign -99.0 0.11551292839901213 701.6243385390661 0.4381605810613454 0.9374696331048005 67.16390392056212 40.42519779646653 2.220446049250316e-16 1.4154915425417769e-15
0.067 0.01 sign -99.0 0.11669418414979714 697.7543303131437 0.44105368770618125 0.9406155706955227 67.10190462023779 40.523690557210955 2.220446049250316e-16 1.399355165437671e-15
0.066 0.01 sign -99.0 0.11790185446917306 693.9042023703158 0.4440064488012372 0.9438480814716702 67.04070074985403 40.62555280586742 2.220446049250316e-16 1.3832014852765616e-15
0.065 0.01 sign -99.0 0.11913735078385213 690.0436688616213 0.44700769487628367 0.9471619697276683 66.97638154741533 40.729379344868995 2.220446049250316e-16 1.3670262235376755e-15
0.064 0.01 sign -99.0 0.1204016969372777 686.1826370457629 0.45006416871679494 0.9505635868903166 66.9102395787546 40.83568280982983 2.220446049250316e-16 1.3508295067910582e-15
0.063 0.01 sign -99.0 0.12169631312093523 682.3067181292213 0.4531721145049779 0.9540523972974064 66.84044715836745 40.94377643575435 2.220446049250316e-16 1.3346084843115612e-15
0.062 0.01 sign -99.0 0.12302103538281003 678.461062405818 0.4563485842864252 0.9576455306540081 66.77202977394164 41.0562572236544 2.220446049250316e-16 1.3183706555779367e-15
0.061 0.01 sign -99.0 0.12437706877879418 674.6446861609703 0.4595954558501888 0.9613472778908292 66.70480433621421 41.17319606262363 2.220446049250316e-16 1.3021152255901973e-15
0.06 0.01 sign -99.0 0.12576703956345833 670.8120536222776 0.4628992457500242 0.9651485525231527 66.63346283857054 41.29212941216521 2.220446049250316e-16 1.2858332347760578e-15
0.059 0.01 sign -99.0 0.12719140861340036 666.9883637589326 0.46626978457881896 0.9690615801876248 66.56062988738923 41.41462358742001 2.220446049250316e-16 1.2695289819280267e-15
0.058 0.01 sign -99.0 0.12865241231360264 663.1484993669893 0.46970074178089527 0.973083576792194 66.4833147696145 41.53932430328144 2.220446049250316e-16 1.253196947964772e-15
0.057 0.01 sign -99.0 0.13014932228366768 659.3662596947698 0.4732212051737684 0.9772433922043823 66.41000470435154 41.670594481494774 2.220446049250316e-16 1.2368496070172775e-15
0.056 0.01 sign -99.0 0.1316864497051079 655.5477519355652 0.47679873837484377 0.9815167662332942 66.3294519606084 41.80317470480941 2.220446049250316e-16 1.2204695786520718e-15
0.055 0.01 sign -99.0 0.13326329354712102 651.7646252016455 0.48046230665945927 0.9859330409186735 66.24992390994076 41.94134738442423 2.220446049250316e-16 1.2040688418738798e-15
0.054 0.01 sign -99.0 0.13488155116723183 648.0174738652347 0.48421503219647627 0.9904994619135618 66.17133446164773 42.08533008804997 2.220446049250316e-16 1.1876466787406805e-15
0.053 0.01 sign -99.0 0.13654526562592237 644.2362836124922 0.48803294514830137 0.995199338793153 66.08513197339977 42.231128507657765 2.220446049250316e-16 1.171189555841966e-15
0.052 0.01 sign -99.0 0.13825316130305915 640.5195492618552 0.4919558209007367 1.000073973759858 66.00273834806427 42.38481247907624 2.220446049250316e-16 1.1547146772437637e-15
0.051 0.01 sign -99.0 0.14000990600941732 636.7923074163941 0.49595913488302 1.0051057780645358 65.91512874476635 42.542018531719656 2.220446049250316e-16 1.13820690113468e-15
0.05 0.01 sign -99.0 0.14181662984143437 633.0838879964163 0.500056373890277 1.0103135917363277 65.82541547595827 42.70473430728781 2.220446049250316e-16 1.1216708947643357e-15
